// Game: this_horrible_machine
// Format: Standard
// entity 0
{
"classname" "worldspawn"
"_tb_textures" ""
// brush 0
{
( -256 -64 80 ) ( -256 -63 80 ) ( -256 -64 81 ) map_mats/128x128 0 -16 0 1 1
( -64 -256 80 ) ( -64 -256 81 ) ( -63 -256 80 ) map_mats/128x128 0 -16 0 1 1
( -64 -64 -272 ) ( -63 -64 -272 ) ( -64 -63 -272 ) map_mats/128x128 0 0 0 1 1
( 64 64 240 ) ( 64 65 240 ) ( 65 64 240 ) map_mats/128x128 0 0 0 1 1
( 64 256 112 ) ( 65 256 112 ) ( 64 256 113 ) map_mats/128x128 0 -16 0 1 1
( 256 64 112 ) ( 256 64 113 ) ( 256 65 112 ) map_mats/128x128 0 -16 0 1 1
}
}
