// Game: this horrible machine
// Format: Standard
// entity 0
{
"classname" "worldspawn"
"_tb_textures" "textures/map_mats"
// brush 0
{
( -512 3392 16 ) ( -512 3393 16 ) ( -512 3392 17 ) map_mats/256x256 0 0 0 1 1
( -832 -512 -16 ) ( -832 -512 -15 ) ( -831 -512 -16 ) map_mats/256x256 0 0 0 1 1
( -832 3264 0 ) ( -831 3264 0 ) ( -832 3265 0 ) map_mats/256x256 0 0 0 1 1
( -704 3392 9984 ) ( -704 3393 9984 ) ( -703 3392 9984 ) map_mats/256x256 0 0 0 1 1
( -832 0 -16 ) ( -831 0 -16 ) ( -832 0 -15 ) map_mats/256x256 0 0 0 1 1
( -256 3392 16 ) ( -256 3392 17 ) ( -256 3393 16 ) map_mats/256x256 0 0 0 1 1
}
// brush 1
{
( -512 3392 16 ) ( -512 3393 16 ) ( -512 3392 17 ) map_mats/256x256 0 0 0 1 1
( -832 -768 -16 ) ( -832 -768 -15 ) ( -831 -768 -16 ) map_mats/256x256 0 0 0 1 1
( -832 3264 0 ) ( -831 3264 0 ) ( -832 3265 0 ) map_mats/256x256 0 0 0 1 1
( -704 3392 9984 ) ( -704 3393 9984 ) ( -703 3392 9984 ) map_mats/256x256 0 0 0 1 1
( -832 -512 -16 ) ( -831 -512 -16 ) ( -832 -512 -15 ) map_mats/256x256 0 0 0 1 1
( -256 3392 16 ) ( -256 3392 17 ) ( -256 3393 16 ) map_mats/256x256 0 0 0 1 1
}
// brush 2
{
( -256 3392 16 ) ( -256 3393 16 ) ( -256 3392 17 ) map_mats/256x256 0 0 0 1 1
( -832 -768 -16 ) ( -832 -768 -15 ) ( -831 -768 -16 ) map_mats/256x256 0 0 0 1 1
( -832 3264 0 ) ( -831 3264 0 ) ( -832 3265 0 ) map_mats/256x256 0 0 0 1 1
( -704 3392 9984 ) ( -704 3393 9984 ) ( -703 3392 9984 ) map_mats/256x256 0 0 0 1 1
( -832 -512 -16 ) ( -831 -512 -16 ) ( -832 -512 -15 ) map_mats/256x256 0 0 0 1 1
( 512 3392 16 ) ( 512 3392 17 ) ( 512 3393 16 ) map_mats/256x256 0 0 0 1 1
}
// brush 3
{
( 512 3392 16 ) ( 512 3393 16 ) ( 512 3392 17 ) map_mats/256x256 0 0 0 1 1
( -832 -768 -16 ) ( -832 -768 -15 ) ( -831 -768 -16 ) map_mats/256x256 0 0 0 1 1
( -832 3264 0 ) ( -831 3264 0 ) ( -832 3265 0 ) map_mats/256x256 0 0 0 1 1
( -704 3392 9984 ) ( -704 3393 9984 ) ( -703 3392 9984 ) map_mats/256x256 0 0 0 1 1
( -832 -512 -16 ) ( -831 -512 -16 ) ( -832 -512 -15 ) map_mats/256x256 0 0 0 1 1
( 768 3392 16 ) ( 768 3392 17 ) ( 768 3393 16 ) map_mats/256x256 0 0 0 1 1
}
// brush 4
{
( 512 3392 16 ) ( 512 3393 16 ) ( 512 3392 17 ) map_mats/256x256 0 0 0 1 1
( -832 -1536 -16 ) ( -832 -1536 -15 ) ( -831 -1536 -16 ) map_mats/256x256 0 0 0 1 1
( -832 3264 0 ) ( -831 3264 0 ) ( -832 3265 0 ) map_mats/256x256 0 0 0 1 1
( -704 3392 9984 ) ( -704 3393 9984 ) ( -703 3392 9984 ) map_mats/256x256 0 0 0 1 1
( -832 -768 -16 ) ( -831 -768 -16 ) ( -832 -768 -15 ) map_mats/256x256 0 0 0 1 1
( 768 3392 16 ) ( 768 3392 17 ) ( 768 3393 16 ) map_mats/256x256 0 0 0 1 1
}
// brush 5
{
( 512 4416 16 ) ( 512 4417 16 ) ( 512 4416 17 ) map_mats/256x256 0 0 0 1 1
( -832 0 -16 ) ( -832 0 -15 ) ( -831 0 -16 ) map_mats/256x256 0 0 0 1 1
( -832 4288 0 ) ( -831 4288 0 ) ( -832 4289 0 ) map_mats/256x256 0 0 0 1 1
( -704 4416 9984 ) ( -704 4417 9984 ) ( -703 4416 9984 ) map_mats/256x256 0 0 0 1 1
( -832 256 -16 ) ( -831 256 -16 ) ( -832 256 -15 ) map_mats/256x256 0 0 0 1 1
( 1280 4416 16 ) ( 1280 4416 17 ) ( 1280 4417 16 ) map_mats/256x256 0 0 0 1 1
}
// brush 6
{
( 1280 4416 16 ) ( 1280 4417 16 ) ( 1280 4416 17 ) map_mats/256x256 0 0 0 1 1
( -832 -1536 -16 ) ( -832 -1536 -15 ) ( -831 -1536 -16 ) map_mats/256x256 0 0 0 1 1
( -832 4288 0 ) ( -831 4288 0 ) ( -832 4289 0 ) map_mats/256x256 0 0 0 1 1
( -704 4416 9984 ) ( -704 4417 9984 ) ( -703 4416 9984 ) map_mats/256x256 0 0 0 1 1
( -832 256 -16 ) ( -831 256 -16 ) ( -832 256 -15 ) map_mats/256x256 0 0 0 1 1
( 1536 4416 16 ) ( 1536 4416 17 ) ( 1536 4417 16 ) map_mats/256x256 0 0 0 1 1
}
// brush 7
{
( -512 3264 -16 ) ( -512 3265 -16 ) ( -512 3264 -15 ) map_mats/256x256 0 0 0 1 1
( -64 -1536 -16 ) ( -64 -1536 -15 ) ( -63 -1536 -16 ) map_mats/256x256 0 0 0 1 1
( -64 3264 -256 ) ( -63 3264 -256 ) ( -64 3265 -256 ) map_mats/256x256 0 0 0 1 1
( 64 3392 0 ) ( 64 3393 0 ) ( 65 3392 0 ) map_mats/256x256 0 0 0 1 1
( -64 0 -16 ) ( -63 0 -16 ) ( -64 0 -15 ) map_mats/256x256 0 0 0 1 1
( 1536 3392 16 ) ( 1536 3392 17 ) ( 1536 3393 16 ) map_mats/256x256 0 0 0 1 1
}
}
