// Game: this horrible machine
// Format: Standard
// entity 0
{
"classname" "worldspawn"
"_tb_textures" "textures/map_mats"
// brush 0
{
( -256 -1792 -2304 ) ( -1792 -256 -2304 ) ( -1792 -256 1792 ) map_mats/512_superstructure 0 0 180 4 4
( -256 1792 -2304 ) ( -1792 256 1792 ) ( -1792 256 -2304 ) map_mats/512_superstructure 0 0 180 4 4
( -1024 0 256 ) ( -2048 0 -768 ) ( -2048 4096 -768 ) map_mats/512_superstructure 0 0 0 4 -4
( 0 -2048 -768 ) ( 0 -1024 256 ) ( 4096 -1024 256 ) map_mats/512_superstructure 0 0 0 4 -4
( 2048 2048 -256 ) ( 2080 2048 -256 ) ( 2048 2080 -256 ) map_mats/512_superstructure 0 0 0 4 -4
( 0 -1280 0 ) ( 0 1280 0 ) ( 4096 1280 0 ) map_mats/512_superstructure 0 0 0 4 -4
( 0 1024 256 ) ( 0 2048 -768 ) ( 4096 2048 -768 ) map_mats/512_superstructure 0 0 0 4 -4
( 1024 0 256 ) ( 2048 4096 -768 ) ( 2048 0 -768 ) map_mats/512_superstructure 0 0 0 4 -4
( 1792 -256 -2304 ) ( 256 -1792 -2304 ) ( 256 -1792 1792 ) map_mats/512_superstructure 0 0 180 4 4
( 1792 256 -2304 ) ( 256 1792 1792 ) ( 256 1792 -2304 ) map_mats/512_superstructure 0 0 180 4 4
}
}
